
[section_a]

ADCChannel = 0  
SCLK       = 12 
MOSI       = 16 
MISO       = 20  
CS         = 21  
PAUSE      = 0.002 
Ref_volt   = 0.00322  # 0.00080566 bei MCP3208
Temp_cali  = 0.00322  # 0.00080566 bei MCP3208

con_temp0_a = 2.4194
con_temp0_b = 21.199
con_temp0_c = 60.706

con_win_cero_a = 1.6559
con_win_cero_b = 8.779
con_win_cero_c = 11.781



con_win_mph0_a = 0.4435
con_win_mph1_a = 0.3759
con_win_mph2_a = 0.3759
con_win_mph3_a = 0.3759

con_win_mph0_b = 4.6891
con_win_mph1_b = 4.6067
con_win_mph2_b = 4.6067
con_win_mph3_b = 4.6067
